
probka prawy srodkowy losowy
2000 605 399 594
22000 4984 6976 6975
42000 10173 13564 13563
62000 17523 28732 22779
82000 22140 39295 26329
102000 27554 46846 34284
122000 37367 70425 46754
142000 39413 84845 48332
162000 45683 98712 52294
182000 62038 132081 75332
202000 73518 142860 74656
222000 71597 128145 93124
242000 83497 182544 93588
262000 85757 208620 97339
282000 100146 223338 111507
probka prawy srodkowy losowy
1999 398 402 615
19990 5184 6381 7775
37981 8986 13761 12164
55972 14547 24951 18343
73963 19540 39102 24925
91954 26759 39076 31372
109945 32493 69411 40314
127936 45083 72803 50681
145927 47887 120597 56655
163918 55304 91316 59920
181909 60768 112210 69332
199900 66081 119845 72980
217891 64285 109306 73704
235882 69753 150578 79334
253873 77492 180384 84552
probka prawy srodkowy losowy
2000 598 592 399
15993 3581 4989 5385
29986 8373 11968 11768
43979 11975 17154 15761
57972 17553 28728 20455
71965 22722 37298 27940
85958 24779 37096 28156
99951 28480 50954 33964
113944 30153 58635 36562
127937 35148 68368 41584
141930 39977 92800 46595
155923 43747 68397 52154
169916 49352 98908 56156
183909 54296 133137 61306
197902 60190 127071 66805
probka rek iter
probka prawy srodkowy losowy
2000 402 398 595
42000 10377 14560 13874
82000 21281 33947 27833
122000 33953 64869 40983
162000 50734 93117 65034
202000 65116 104929 73534
242000 75767 126984 87003
282000 105176 147864 116001
322000 119531 229312 123944
362000 127326 298107 132303
402000 143496 299512 160772
442000 168946 387726 170964
482000 170591 375841 180002
522000 182601 317411 182793
562000 189777 321566 199055
probka rek iter
probka prawy srodkowy losowy
2000 602 399 1227
probka rek iter
probka prawy srodkowy losowy
probka rek iter
probka prawy srodkowy losowy
probka rek iter
probka prawy srodkowy losowy
2000 199 807 592
42000 10989 14758 17756
82000 21542 42286 38904
122000 36184 57595 51390
162000 46544 137259 71920
202000 63546 156397 93611
242000 76704 176027 103627
282000 95628 174980 133741
322000 103697 326056 146115
362000 117395 233231 158527
402000 134124 397578 181243
442000 146286 319305 198051
482000 172696 412151 247033
522000 184728 867678 231027
562000 189575 471517 257910
probka rek iter
probka prawy srodkowy losowy
2000 402 398 1002
42000 11959 14881 18150
82000 24209 41507 37726
122000 36901 61626 56660
162000 51717 146203 72977
202000 63261 160052 92793
242000 72663 179558 104273
282000 86389 154225 121035
322000 97024 314613 139134
362000 111493 231089 167832
402000 127934 394085 176339
442000 147764 307906 211889
482000 172978 408848 218695
522000 176561 863660 234416
562000 225532 569596 304788
probka rek iter
2000 598 396
42000 8976 7779
82000 17952 16556
122000 28723 26326
162000 38547 34968
202000 51462 47880
242000 61346 56411
282000 65932 60094
322000 76939 70345
362000 88487 82966
402000 95660 87847
442000 106961 97507
482000 119155 110542
522000 134499 123282
562000 144313 131772
